stns p dur start stns load efLoad    util      avgQ      avgDly     jitter  little   MD1avgD   MD1avgQ  avgDCI  ef_r EfSamples TgtSamples
5 0.05 100 20    5  0.100 0.103100 0.103100  0.131300   6.381100    38.000    6.3676   1.0575   0.1090  0.3225   5.05      1031      1628
 
5 0.05 100 50    5  0.100 0.109280 0.109280  0.146784   6.747300    37.600    6.7160   1.0613   0.1160  0.4239   6.28       683      1664
 
5 0.05 300 20    5  0.100 0.099800 0.099800  0.123943   6.209400    40.000    6.2096   1.0554   0.1053  0.1582   2.55      3493      1409
 
5 0.05 300 50    5  0.100 0.099744 0.099744  0.123654   6.198300    40.000    6.1986   1.0554   0.1053  0.1679   2.71      3117      1419
 
5 0.05 500 20    5  0.100 0.099033 0.099050  0.123613   6.240400    42.800    6.2410   1.0550   0.1045  0.1219   1.95      5943      1415
 
5 0.05 500 50    5  0.100 0.098667 0.098667  0.123310   6.247200    42.800    6.2488   1.0547   0.1041  0.1268   2.03      5550      1426
 
5 0.2 100 20    5  0.100 0.103100 0.103100  0.131300   6.381100    38.000    6.3676   1.0575   0.1090  0.3225   5.05      1031      1628
 
5 0.2 100 50    5  0.100 0.109280 0.109280  0.146784   6.747300    37.600    6.7160   1.0613   0.1160  0.4239   6.28       683      1664
 
5 0.2 300 20    5  0.100 0.099800 0.099800  0.123943   6.209400    40.000    6.2096   1.0554   0.1053  0.1582   2.55      3493      1409
 
5 0.2 300 50    5  0.100 0.099744 0.099744  0.123654   6.198300    40.000    6.1986   1.0554   0.1053  0.1679   2.71      3117      1419
 
5 0.2 500 20    5  0.100 0.099033 0.099050  0.123613   6.240400    42.800    6.2410   1.0550   0.1045  0.1219   1.95      5943      1415
 
5 0.2 500 50    5  0.100 0.098667 0.098667  0.123310   6.247200    42.800    6.2488   1.0547   0.1041  0.1268   2.03      5550      1426
 
10 0.05 100 20   10  0.100 0.097100 0.097100  0.062460   6.448900    30.900    6.4325   1.0538   0.1023  0.3167   4.91       971      1449
 
10 0.05 100 50   10  0.100 0.097760 0.097760  0.062272   6.392600    28.800    6.3699   1.0542   0.1031  0.4094   6.40       611      1554
 
10 0.05 300 20   10  0.100 0.098543 0.098543  0.062363   6.341500    39.300    6.3285   1.0547   0.1039  0.1685   2.66      3449      1505
 
10 0.05 300 50   10  0.100 0.097792 0.097856  0.061664   6.324600    38.900    6.3056   1.0542   0.1031  0.1777   2.81      3058      1496
 
10 0.05 500 20   10  0.100 0.101433 0.101417  0.062913   6.202200    42.600    6.2024   1.0564   0.1072  0.1215   1.96      6085      1447
 
10 0.05 500 50   10  0.100 0.101564 0.101547  0.063140   6.216400    42.600    6.2167   1.0565   0.1073  0.1259   2.03      5712      1453
 
10 0.2 100 20   10  0.100 0.097100 0.097100  0.062460   6.448900    30.900    6.4325   1.0538   0.1023  0.3167   4.91       971      1449
 
10 0.2 100 50   10  0.100 0.097760 0.097760  0.062272   6.392600    28.800    6.3699   1.0542   0.1031  0.4094   6.40       611      1554
 
10 0.2 300 20   10  0.100 0.098543 0.098543  0.062363   6.341500    39.300    6.3285   1.0547   0.1039  0.1685   2.66      3449      1505
 
10 0.2 300 50   10  0.100 0.097792 0.097856  0.061664   6.324600    38.900    6.3056   1.0542   0.1031  0.1777   2.81      3058      1496
 
10 0.2 500 20   10  0.100 0.101433 0.101417  0.062913   6.202200    42.600    6.2024   1.0564   0.1072  0.1215   1.96      6085      1447
 
10 0.2 500 50   10  0.100 0.101564 0.101547  0.063140   6.216400    42.600    6.2167   1.0565   0.1073  0.1259   2.03      5712      1453
 
30 0.05 100 20   30  0.100 0.100500 0.100700  0.019850   5.945500    24.533    5.9254   1.0559   0.1061  0.3028   5.09      1007      1452
 
30 0.05 100 50   30  0.100 0.103520 0.103520  0.019744   5.718700    19.800    5.7218   1.0577   0.1095  0.3688   6.45       647      1299
 
30 0.05 300 20   30  0.100 0.099514 0.099543  0.019539   5.896800    29.233    5.8903   1.0553   0.1050  0.1525   2.59      3484      1429
 
30 0.05 300 50   30  0.100 0.099776 0.099744  0.019603   5.890900    28.567    5.8942   1.0554   0.1053  0.1604   2.72      3117      1405
 
30 0.05 500 20   30  0.100 0.099683 0.099683  0.020024   6.021800    33.833    6.0264   1.0554   0.1052  0.1226   2.04      5981      1521
 
30 0.05 500 50   30  0.100 0.100107 0.100160  0.020155   6.028700    33.167    6.0400   1.0556   0.1057  0.1262   2.09      5634      1506
 
30 0.2 100 20   30  0.100 0.100500 0.100700  0.019850   5.945500    24.533    5.9254   1.0559   0.1061  0.3028   5.09      1007      1452
 
30 0.2 100 50   30  0.100 0.103520 0.103520  0.019744   5.718700    19.800    5.7218   1.0577   0.1095  0.3688   6.45       647      1299
 
30 0.2 300 20   30  0.100 0.099514 0.099543  0.019539   5.896800    29.233    5.8903   1.0553   0.1050  0.1525   2.59      3484      1429
 
30 0.2 300 50   30  0.100 0.099776 0.099744  0.019603   5.890900    28.567    5.8942   1.0554   0.1053  0.1604   2.72      3117      1405
 
30 0.2 500 20   30  0.100 0.099683 0.099683  0.020024   6.021800    33.833    6.0264   1.0554   0.1052  0.1226   2.04      5981      1521
 
30 0.2 500 50   30  0.100 0.100107 0.100160  0.020155   6.028700    33.167    6.0400   1.0556   0.1057  0.1262   2.09      5634      1506
 
