stns   load  efLoad    util      avgQ      avgDly     jitter  little   MD1avgD   MD1avgQ  avgDCI   ef_r EfSamples TgtSamples
  10  0.100 0.096400 0.096400  0.013160   1.352100     5.600    1.3651   1.0533   0.1015  0.1818  13.45       241      1555
  10  0.200 0.196000 0.196000  0.052640   2.725000    18.900    2.6857   1.1219   0.2199  0.3179  11.67       490      3777
  10  0.300 0.303200 0.302400  0.193240   6.487100    45.900    6.3734   1.2176   0.3692  0.6305   9.72       756      3532
  10  0.300 0.303200 0.302400  0.193240   6.487100    45.900    6.3734   1.2176   0.3692  0.6305   9.72       756      3532
  10  0.350 0.352400 0.352400  0.761920  21.257900   111.500   21.6209   1.2721   0.4483  2.1702  10.21       881      2475
  10  0.400 0.089600 0.068800  4.344522 119.940000   123.200  484.8797   1.0492   0.0940 15.0833  12.58       172       155
 
  10  0.100 0.096000 0.096000  0.015400   1.649300     9.300    1.6042   1.0531   0.1011  0.2349  14.24       240      2771
  10  0.200 0.207600 0.206800  0.060000   2.873100    20.400    2.8902   1.1310   0.2348  0.3467  12.07       517      3920
  10  0.300 0.303600 0.303200  0.307320   9.793200    82.400   10.1225   1.2180   0.3698  1.2879  13.15       758      4882
  10  0.300 0.303600 0.303200  0.307320   9.793200    82.400   10.1225   1.2180   0.3698  1.2879  13.15       758      4882
  10  0.350 0.024400 0.015600  4.014272  37.151100    17.300 1645.1935   1.0125   0.0247 23.2208  62.50        39        57
  10  0.400 0.000000 0.000000  0.000000   0.000000     0.000      -nan   1.0000   0.0000    -nan   -nan         0         0
 
