Program usage: <executable> <num_samples> <num_bins> <seed> 
Arguments:
0: ./rng
1: 30
2: 5
3: 3412

RAND    RNG ------------------------
  30 Samples generated of distribution function R :
   0   1663313799    845885888   1316050860   1478782349   1894529517   1991639869    598983465   1277274405    691354580    815596116 
  10    593840748   1919272078   1629039950    297898642   1874913979    615719638    359618465   1535445823    929171198    616087868 
  20   2035069962   1828823091   1432450200   1774845649    718156998    295891038   1700337043    239636967   1121685388   1906275087 
Ordered samples  : 
   0 239636967.0000000000 295891038.0000000000 297898642.0000000000 359618465.0000000000 593840748.0000000000 598983465.0000000000 615719638.0000000000 616087868.0000000000 691354580.0000000000 718156998.0000000000 
  10 815596116.0000000000 845885888.0000000000 929171198.0000000000 1121685388.0000000000 1277274405.0000000000 1316050860.0000000000 1432450200.0000000000 1478782349.0000000000 1535445823.0000000000 1629039950.0000000000 
  20 1663313799.0000000000 1700337043.0000000000 1774845649.0000000000 1828823091.0000000000 1874913979.0000000000 1894529517.0000000000 1906275087.0000000000 1919272078.0000000000 1991639869.0000000000 2035069962.0000000000 
Histogram      generated : ( 0,    4)( 1,    8)( 2,    3)( 3,    7)( 4,    8)( 5,    0)
Size 429496729.400 
Histogram Expected Uniform: ( 0,    6)( 1,    6)( 2,    6)( 3,    6)( 4,    6)( 5,    0)


Sample Histogram   : ( 0,    4)( 1,    8)( 2,    3)( 3,    7)( 4,    8)( 5,    0)
Expected Histogram : ( 0,    6)( 1,    6)( 2,    6)( 3,    6)( 4,    6)( 5,    0)
         Computing errors: ( 0, 0.67)( 1, 0.67)( 2, 1.50)( 3, 0.17)( 4, 0.67)
Value of D for 30 samples and 6 bins for R is     3.67

Value of D for 30 samples and 6 bins for RNG RND is     3.67
  30 Samples generated of distribution function R :
   0   1663313799    845885888   1316050860   1478782349   1894529517   1991639869    598983465   1277274405    691354580    815596116 
  10    593840748   1919272078   1629039950    297898642   1874913979    615719638    359618465   1535445823    929171198    616087868 
  20   2035069962   1828823091   1432450200   1774845649    718156998    295891038   1700337043    239636967   1121685388   1906275087 
Correlation of the observations with 30 samples and 6 bins is 0.170435

drand48 RNG ------------------------
  30 Samples generated of distribution function U :
   0 0.7745408452 0.3938963117 0.6128339379 0.6886116926 0.8822090541 0.9274295857 0.2789234115 0.5947772440 0.3219370639 0.3797915375 
  10 0.2765286473 0.8937307070 0.7585808405 0.1387198652 0.8730748575 0.2867167994 0.1674603974 0.7149976789 0.4326790564 0.2868882698 
  20 0.9476532987 0.8516121152 0.6670366044 0.8264769101 0.3344179123 0.1377850017 0.7917811367 0.1115896586 0.5223254620 0.8876785114 
Ordered samples  : 
   0 0.1115896586 0.1377850017 0.1387198652 0.1674603974 0.2765286473 0.2789234115 0.2867167994 0.2868882698 0.3219370639 0.3344179123 
  10 0.3797915375 0.3938963117 0.4326790564 0.5223254620 0.5947772440 0.6128339379 0.6670366044 0.6886116926 0.7149976789 0.7585808405 
  20 0.7745408452 0.7917811367 0.8264769101 0.8516121152 0.8730748575 0.8822090541 0.8876785114 0.8937307070 0.9274295857 0.9476532987 
Histogram      generated : ( 0,    4)( 1,    8)( 2,    3)( 3,    7)( 4,    8)( 5,    0)
Size  0.200 
Histogram Expected Uniform: ( 0,    6)( 1,    6)( 2,    6)( 3,    6)( 4,    6)( 5,    0)


Sample Histogram   : ( 0,    4)( 1,    8)( 2,    3)( 3,    7)( 4,    8)( 5,    0)
Expected Histogram : ( 0,    6)( 1,    6)( 2,    6)( 3,    6)( 4,    6)( 5,    0)
         Computing errors: ( 0, 0.67)( 1, 0.67)( 2, 1.50)( 3, 0.17)( 4, 0.67)
Value of D for 30 samples and 6 bins for U is     3.67

Value of D for 30 samples and 6 bins for ldrand48 is     3.67

  30 Samples generated of distribution function U :
   0 0.7745408452 0.3938963117 0.6128339379 0.6886116926 0.8822090541 0.9274295857 0.2789234115 0.5947772440 0.3219370639 0.3797915375 
  10 0.2765286473 0.8937307070 0.7585808405 0.1387198652 0.8730748575 0.2867167994 0.1674603974 0.7149976789 0.4326790564 0.2868882698 
  20 0.9476532987 0.8516121152 0.6670366044 0.8264769101 0.3344179123 0.1377850017 0.7917811367 0.1115896586 0.5223254620 0.8876785114 
Correlation of the observations with 30 samples and 6 bins is 0.170435
